((("networkは80年代後半に5層で学習成功" .
   [0 0 0 0 0 0 0 1 0 0 0 0 0 0 0 0 0 0 0 0 0 0])
  ("jedi:jump-to-definition" .
   [0 0 0 0 0 0 0 0 0 0 0 0 1 0 0 0 0 0 0 0 0 0 0])
  ("jedi:jump-back" .
   [0 0 0 0 0 0 0 0 0 1 0 0 0 0])
  ("blobDtor" .
   [1 0 0 0 1 0 0 0])
  ("FaceDetector" .
   [0 0 0 0 1 0 0 0 0 0 0 1])
  ("once" .
   [1 0 0 0])
  ("__device__" .
   [1 0 0 0 0 0 0 0 1 0])
  ("grid" .
   [1 0 0 0])
  ("dim3" .
   [2 0 0 0])
  ("***" .
   [3 0 0])
  ("__host__" .
   [0 0 0 0 1 0 0 0])
  ("nvcc" .
   [1 0 0 0])
  ("mukuta2014probabilistic" .
   [0 0 0 0 1 0 0 0 0 0 0 0 0 0 0 0 0 0 0 0 0 0 0])
  ("small" .
   [4 0 0 0 0])
  ("park2014granger" .
   [0 0 0 0 1 0 0 0 0 0 0 0 0 0 0])
  ("width=0" .
   [1 0 0 0 0 0 0])
  ("との関係についても簡単に述べる．" .
   [0 0 0 0 0 0 0 0 0 1 0 0 0 0 0 0])
  ("cite" .
   [3 0 0 0])
  ("また，" .
   [0 0 1])
  ("本章では本研究に関連する多変量解析手法，およびそれらの確率モデルについて説明する．また，正規分布および正準相関の混合モデルについても説明する．" .
   [0 0 0 0 0 0 0 0 0 0 0 0 1 0 0 0 0 0 0 0 0 0 0 0 0 0 0 0 0 0 0 0 0 0 0 0 0 0 0 0 0 0 0 0 0 0 0 0 0 0 0 0 0 0 0 0 0 0 0 0 0 0 0 0 0 0 0 0 0 0 0])
  ("dump" .
   [0 0 0 1])
  ("pickle" .
   [0 0 1 1 0 0])
  ("Image" .
   [0 0 1 1 0])
  ("open" .
   [0 0 1 0])
  ("print" .
   [0 0 0 1 0])
  ("img" .
   [2 0 0])
  ("numpy" .
   [0 0 1 0 0])
  ("this" .
   [1 0 0 0])
  ("Mixture" .
   [0 0 1 0 0 0 0])
  ("of" .
   [1 0])
  ("Partial" .
   [1 0 0 0 0 0 0])
  ("Canonical" .
   [0 0 0 0 0 0 1 0 0])
  ("Correlation" .
   [0 0 0 0 0 1 0 0 0 0 0])
  ("Analysis" .
   [1 0 0 0 1 0 0 0])
  ("MPPCCA" .
   [0 0 0 0 1 0])
  ("to" .
   [1 0])
  ("analyze" .
   [1 0 0 0 0 0 0])
  ("data" .
   [1 0 0 0])
  ("causal" .
   [3 0 0 0 0 0])
  ("subsection" .
   [1 0 0 0 0 0 0 0 0 0])
  ("空間分割による因果パターン抽出" .
   [0 0 0 0 0 1 0 0 0 0 0 0 0 0 0])
  ("label" .
   [2 0 0 0 0])
  ("ref" .
   [1 0 0])
  ("chap" .
   [1 0 0 0])
  ("eqnarray" .
   [0 0 0 0 1 1 0 0])
  ("ここで、" .
   [1 0 0 0])
  ("nonumber" .
   [1 0 0 0 0 0 0 0])
  ("piyo" .
   [1 0 0 0])
  ("cuda" .
   [1 0 0 0])
  ("main" .
   [3 0 0 0])
  ("include" .
   [0 0 1 0 1 0 0])
  ("inc" .
   [3 0 0])
  ("orgImg" .
   [0 0 0 1 0 0])
  ("org_img" .
   [0 0 0 2 0 0 5])
  ("org_img_path" .
   [3 0 0 0 0 0 1 1 0 1 0 0])
  ("cv" .
   [20 0])
  ("gray_img" .
   [0 0 0 0 1 0 0 1])
  ("std" .
   [9 0 0])
  ("cascade" .
   [3 0 0 0 0 0 0])
  ("cascade_name" .
   [0 0 0 0 0 0 0 0 0 0 1 0])
  ("faces" .
   [4 0 0 0 0])
  ("vector" .
   [1 0 0 0 0 0])
  ("Rect" .
   [1 0 0 0])
  ("iter" .
   [6 0 0 1])
  ("Mat" .
   [1 0 0])
  ("imshow" .
   [0 0 0 0 0 1])
  ("cut_img" .
   [1 0 0 0 0 0 1])
  ("string" .
   [3 0 0 0 0 0])
  ("begin" .
   [1 0 0 0 0])
  ("ss" .
   [1 0])
  ("out_name" .
   [0 0 0 1 1 1 0 0])
  ("str" .
   [2 0 0])
  ("cout" .
   [2 0 0 0])
  ("argv" .
   [0 0 1 0])
  ("WeatherForecaster" .
   [0 0 0 0 0 0 0 0 0 0 0 0 1 0 0 0 0])
  ("set" .
   [0 0 1])
  ("self" .
   [1 0 0 0])
  ("area_code" .
   [0 0 0 0 1 0 0 0 0])
  ("pywapi" .
   [0 0 0 0 1 0])
  ("all_data" .
   [1 0 0 0 0 0 0 0])
  ("make" .
   [4 0 0 0])
  ("all" .
   [1 0 0])
  ("TestDecodeDatum" .
   [0 0 0 0 1 0 0 0 0 0 0 0 0 0 0])
  ("runtest" .
   [1 0 0 0 0 0 0])))
